  -1.4089951e-03   9.5675321e-04   1.3417182e-04   1.0424901e-04   3.9204433e-05
  -1.3429411e-03   7.9113856e-04   7.1885847e-05   2.4388161e-05  -2.6508313e-06
  -1.4155087e-03   6.2021645e-04   2.9025697e-06  -5.5770644e-05  -2.9718979e-05
  -1.4565826e-03   4.6427205e-04  -5.5729946e-05  -1.0379622e-04  -3.0937772e-05
  -1.4468019e-03   2.6899297e-04  -1.0113579e-04  -1.0960268e-04  -5.3496539e-06
  -1.4375542e-03   9.0019174e-05  -1.2786970e-04  -7.6817048e-05   2.4409117e-05
  -1.4302434e-03  -8.9513663e-05  -1.3255115e-04  -1.8443383e-05   3.4542308e-05
  -1.4155032e-03  -2.6846632e-04  -1.1524935e-04   4.1801550e-05   3.0034188e-05
  -1.3874923e-03  -4.3373215e-04  -7.4701404e-05   7.9779075e-05   4.9618097e-06
  -1.3189265e-03  -6.2017054e-04  -1.9245513e-05   7.4567659e-05  -1.8555397e-05
  -1.2818033e-03  -7.8386859e-04   5.2611489e-05   2.0016716e-05  -1.9384467e-05
  -1.1744870e-03  -9.3675903e-04   1.2869013e-04  -6.7859845e-05   2.0964477e-06
  -1.1252872e-03  -1.0818195e-03   2.0199331e-04  -1.6067693e-04   2.8729246e-05
